229
6 3 2 4
6 3 1 3
5 2 1 5
100 1 1 99
100 50 1 99
100 99 1 99
100 100 1 99
100 50 2 100
100 1 100 100
100 50 50 50
6 4 2 5
100 5 2 50
10 7 3 9
7 4 2 5
43 16 2 18
100 50 2 51
6 5 2 4
10 5 2 7
10 10 2 9
10 7 3 7
64 64 8 44
5 4 2 4
6 6 3 5
10 6 2 7
8 6 2 7
7 5 2 4
7 5 2 6
100 50 49 99
100 50 2 99
10 9 2 9
10 10 7 9
8 4 2 7
100 50 2 2
10 4 3 7
6 3 2 5
53 17 13 18
10 6 3 6
9 8 2 5
100 50 2 3
10 7 2 9
6 1 2 5
7 6 2 4
26 12 2 4
10 8 3 7
100 97 3 98
6 2 2 4
9 2 4 6
6 6 2 4
50 2 25 49
5 5 2 3
49 11 2 17
10 3 2 9
10 6 3 7
6 1 5 5
5 5 3 4
10 2 5 6
7 7 3 4
7 3 2 3
5 1 2 4
100 53 2 99
10 2 4 7
5 2 1 4
100 65 41 84
33 20 7 17
7 2 3 6
77 64 10 65
6 1 3 4
6 4 2 4
11 8 2 10
7 1 3 6
100 50 2 50
50 49 5 8
15 1 10 13
13 9 5 11
20 3 5 8
10 5 2 3
7 1 3 5
7 2 3 4
10 5 2 5
8 5 2 6
8 5 3 6
9 6 3 7
50 46 34 37
10 7 2 8
8 3 1 4
100 3 10 20
6 2 1 5
12 11 5 10
98 97 72 83
100 5 3 98
8 5 2 7
10 10 4 6
10 4 2 5
3 3 2 3
75 30 6 33
4 3 2 3
2 2 1 1
2 2 1 2
1 1 1 1
20 9 7 17
10 2 3 7
100 40 30 80
10 6 2 3
7 3 2 5
10 6 2 9
23 20 19 22
100 100 1 1
10 2 5 9
9 7 2 8
100 50 50 100
3 1 2 2
16 13 2 15
9 8 2 6
43 22 9 24
5 4 2 3
82 72 66 75
7 4 5 6
100 50 51 51
6 5 2 6
4 4 2 2
4 3 2 4
2 2 2 2
6 1 2 4
2 1 1 1
4 2 2 3
2 1 1 2
5 4 1 2
100 100 2 99
10 6 3 4
100 74 30 60
4 1 2 3
100 50 3 79
10 6 2 8
100 51 23 33
3 1 2 3
29 13 14 23
6 5 2 5
10 2 3 5
9 3 1 6
45 33 23 37
100 99 1 98
100 79 29 68
7 7 6 6
100 4 30 60
100 33 50 50
50 2 34 37
100 70 2 99
6 6 4 4
41 24 14 19
100 54 52 55
10 5 3 6
6 5 4 6
10 9 2 3
6 4 2 3
100 68 5 49
8 4 3 6
9 3 2 8
100 50 1 1
10 9 5 9
62 54 2 54
100 54 30 60
6 6 6 6
10 2 2 9
50 3 23 25
24 1 5 18
43 35 23 34
50 46 23 26
10 8 5 9
6 2 2 5
43 1 13 41
13 2 1 5
6 3 3 5
14 10 4 12
5 1 4 4
3 3 1 1
17 17 12 14
20 15 6 7
86 36 8 70
100 69 39 58
3 3 2 2
3 2 1 1
9 7 3 8
4 4 2 3
100 4 2 5
100 65 5 13
3 2 2 3
44 38 20 28
100 65 58 60
16 12 8 13
11 8 4 9
20 9 2 10
5 5 4 5
100 99 1 50
6 5 3 5
50 29 7 48
26 11 1 24
5 2 3 4
100 1 2 3
100 60 27 56
6 4 2 6
8 7 3 5
4 1 3 3
12 9 2 10
100 25 9 19
10 7 3 8
7 3 2 6
100 39 4 40
100 51 2 99
15 6 4 10
10 4 4 9
6 4 3 4
14 7 4 12
4 4 1 2
6 5 2 3
12 12 5 5
10 5 3 5
8 6 2 2
8 7 2 7
100 33 5 60
100 32 5 60
79 5 3 5
85 85 85 85
69 69 69 69
7 5 3 6
7 4 2 6
2 1 2 2
100 2 1 90
100 89 11 90
10 1 2 8