20
1 1 4 1 1 1 4 1
1 1 -999 1 1234 -999 999 4321
1 1 4 1 10 10 10 20
1 1 100 100 210 10 410 210
0 0 1 10000 0 0 2 20001
0 0 100 0 -10 30 200 30
0 0 0 100 -10 30 -10 -200
-70 -32 98 -21 -29 -36 -49 24
83 81 5 -67 80 20 26 9
-47 57 13 -94 79 -22 77 84
49 35 58 12 18 28 -99 57
1 65 -14 19 -90 84 -53 88
4 37 42 42 -33 -71 -31 -23
66 43 30 30 4 -11 -59 -82
47 76 -46 -74 68 13 -57 -3
14 19 74 32 22 16 87 9
-75 -70 12 32 -71 93 -29 -37
-88 -7 -29 72 -1 76 91 -53
-26 6 -80 -63 36 -25 -54 22
59 -85 -27 -9 -56 -76 -36 -9